1011
1018
1021
1032
1037
1042
1045
1046
1051
1055
1062
1066
1074
1076
1080
1084
1085
1090
1093
1102
1104
1107
1111
1115
1124
1132
1133
1135
1138
1147
1149
1155
1160
1161
1163
1166
1168
1176
1184
1186
1191
1197
1198
1199
1200
1206
1209
1216
1217
1224
1225
1227
1231
1233
1234
1236
1241
1242
1243
1246
1251
1254
1259
1262
1263
1270
1271
1282
1288
1304
1321
1322
1327
1331
1333
1336
1337
1342
1345
1350
1351
1354
1356
1371
1372
1377
1379
1380
1384
1386
1387
1389
1393
1399
1402
1403
1406
1409
1415
1418
1423
1427
1429
1431
1432
1434
1442
1446
1450
1455
1458
1459
1460
1462
1464
1468
1470
1476
1479
1484
1495
1496
1499
1501
1504
1509
1009
1012
1025
1029
1033
1035
1041
1050
1052
1053
1056
1057
1060
1063
1067
1068
1071
1083
1087
1088
1094
1097
1101
1108
1110
1112
1113
1121
1142
1143
1146
1148
1159
1173
1181
1183
1185
1189
1192
1201
1202
1205
1208
1212
1213
1214
1235
1237
1238
1244
1252
1256
1257
1260
1261
1272
1274
1276
1277
1279
1283
1287
1290
1291
1294
1299
1302
1303
1306
1309
1313
1315
1316
1318
1332
1334
1335
1344
1352
1357
1358
1359
1360
1361
1367
1369
1376
1382
1385
1388
1394
1400
1408
1410
1411
1412
1416
1417
1420
1422
1425
1433
1436
1438
1441
1443
1444
1448
1452
1454
1467
1471
1481
1482
1483
1485
1486
1487
1488
1491
1494
1497
1500
1505
1506
1507
1319
1006
1008
1013
1014
1016
1017
1019
1022
1023
1024
1027
1028
1030
1031
1040
1043
1047
1048
1054
1061
1065
1069
1070
1075
1077
1079
1086
1089
1091
1092
1098
1099
1106
1114
1118
1120
1122
1126
1128
1129
1130
1134
1136
1141
1145
1157
1158
1162
1165
1171
1172
1177
1182
1187
1193
1195
1196
1203
1204
1207
1210
1211
1219
1226
1229
1230
1247
1249
1250
1255
1264
1266
1267
1268
1278
1280
1281
1286
1289
1292
1293
1297
1301
1311
1312
1317
1320
1323
1328
1329
1339
1346
1347
1349
1353
1355
1364
1368
1373
1375
1390
1391
1392
1396
1397
1398
1419
1421
1426
1435
1437
1439
1449
1451
1456
1461
1463
1473
1475
1477
1489
1498
1502
1503
1508
