1007
1010
1015
1020
1026
1034
1036
1038
1039
1044
1049
1058
1059
1064
1072
1073
1078
1081
1082
1095
1096
1100
1103
1105
1109
1116
1117
1119
1123
1125
1127
1131
1137
1139
1140
1144
1150
1151
1152
1153
1154
1156
1164
1167
1169
1170
1174
1175
1178
1179
1180
1188
1190
1194
1215
1218
1220
1221
1222
1223
1228
1232
1239
1240
1245
1248
1253
1258
1265
1269
1273
1275
1284
1285
1295
1296
1298
1300
1305
1307
1308
1310
1314
1324
1325
1326
1330
1338
1340
1341
1343
1348
1362
1363
1365
1366
1370
1374
1378
1381
1383
1395
1401
1404
1405
1407
1413
1414
1424
1428
1430
1440
1445
1447
1453
1457
1465
1466
1469
1472
1474
1478
1480
1490
1492
1493
1011
1018
1021
1032
1037
1042
1045
1046
1051
1055
1062
1066
1074
1076
1080
1084
1085
1090
1093
1102
1104
1107
1111
1115
1124
1132
1133
1135
1138
1147
1149
1155
1160
1161
1163
1166
1168
1176
1184
1186
1191
1197
1198
1199
1200
1206
1209
1216
1217
1224
1225
1227
1231
1233
1234
1236
1241
1242
1243
1246
1251
1254
1259
1262
1263
1270
1271
1282
1288
1304
1321
1322
1327
1331
1333
1336
1337
1342
1345
1350
1351
1354
1356
1371
1372
1377
1379
1380
1384
1386
1387
1389
1393
1399
1402
1403
1406
1409
1415
1418
1423
1427
1429
1431
1432
1434
1442
1446
1450
1455
1458
1459
1460
1462
1464
1468
1470
1476
1479
1484
1495
1496
1499
1501
1504
1509
1009
1012
1025
1029
1033
1035
1041
1050
1052
1053
1056
1057
1060
1063
1067
1068
1071
1083
1087
1088
1094
1097
1101
1108
1110
1112
1113
1121
1142
1143
1146
1148
1159
1173
1181
1183
1185
1189
1192
1201
1202
1205
1208
1212
1213
1214
1235
1237
1238
1244
1252
1256
1257
1260
1261
1272
1274
1276
1277
1279
1283
1287
1290
1291
1294
1299
1302
1303
1306
1309
1313
1315
1316
1318
1332
1334
1335
1344
1352
1357
1358
1359
1360
1361
1367
1369
1376
1382
1385
1388
1394
1400
1408
1410
1411
1412
1416
1417
1420
1422
1425
1433
1436
1438
1441
1443
1444
1448
1452
1454
1467
1471
1481
1482
1483
1485
1486
1487
1488
1491
1494
1497
1500
1505
1506
1507
