1007
1010
1015
1020
1026
1034
1036
1038
1039
1044
1049
1058
1059
1064
1072
1073
1078
1081
1082
1095
1096
1100
1103
1105
1109
1116
1117
1119
1123
1125
1127
1131
1137
1139
1140
1144
1150
1151
1152
1153
1154
1156
1164
1167
1169
1170
1174
1175
1178
1179
1180
1188
1190
1194
1215
1218
1220
1221
1222
1223
1228
1232
1239
1240
1245
1248
1253
1258
1265
1269
1273
1275
1284
1285
1295
1296
1298
1300
1305
1307
1308
1310
1314
1324
1325
1326
1330
1338
1340
1341
1343
1348
1362
1363
1365
1366
1370
1374
1378
1381
1383
1395
1401
1404
1405
1407
1413
1414
1424
1428
1430
1440
1445
1447
1453
1457
1465
1466
1469
1472
1474
1478
1480
1490
1492
1493
1009
1012
1025
1029
1033
1035
1041
1050
1052
1053
1056
1057
1060
1063
1067
1068
1071
1083
1087
1088
1094
1097
1101
1108
1110
1112
1113
1121
1142
1143
1146
1148
1159
1173
1181
1183
1185
1189
1192
1201
1202
1205
1208
1212
1213
1214
1235
1237
1238
1244
1252
1256
1257
1260
1261
1272
1274
1276
1277
1279
1283
1287
1290
1291
1294
1299
1302
1303
1306
1309
1313
1315
1316
1318
1332
1334
1335
1344
1352
1357
1358
1359
1360
1361
1367
1369
1376
1382
1385
1388
1394
1400
1408
1410
1411
1412
1416
1417
1420
1422
1425
1433
1436
1438
1441
1443
1444
1448
1452
1454
1467
1471
1481
1482
1483
1485
1486
1487
1488
1491
1494
1497
1500
1505
1506
1507
1319
1006
1008
1013
1014
1016
1017
1019
1022
1023
1024
1027
1028
1030
1031
1040
1043
1047
1048
1054
1061
1065
1069
1070
1075
1077
1079
1086
1089
1091
1092
1098
1099
1106
1114
1118
1120
1122
1126
1128
1129
1130
1134
1136
1141
1145
1157
1158
1162
1165
1171
1172
1177
1182
1187
1193
1195
1196
1203
1204
1207
1210
1211
1219
1226
1229
1230
1247
1249
1250
1255
1264
1266
1267
1268
1278
1280
1281
1286
1289
1292
1293
1297
1301
1311
1312
1317
1320
1323
1328
1329
1339
1346
1347
1349
1353
1355
1364
1368
1373
1375
1390
1391
1392
1396
1397
1398
1419
1421
1426
1435
1437
1439
1449
1451
1456
1461
1463
1473
1475
1477
1489
1498
1502
1503
1508
